--- LSTM SPECIALIST EXPERIMENT (20260906_152814) ---
              precision    recall  f1-score   support

           0       0.93      0.62      0.74        21
           1       0.92      0.92      0.92        12
           2       0.70      0.67      0.68        24
           3       0.56      0.45      0.50        22
           4       0.55      0.73      0.63        15
           5       0.93      0.93      0.93        27
           6       0.57      0.72      0.63        18
           7       0.80      0.63      0.71        19
           8       0.58      0.64      0.61        22
           9       0.29      0.35      0.32        20

    accuracy                           0.66       200
   macro avg       0.68      0.67      0.67       200
weighted avg       0.68      0.66      0.66       200
