              precision    recall  f1-score   support

           0       0.78      0.67      0.72        21
           1       0.79      0.92      0.85        12
           2       0.75      0.75      0.75        24
           3       0.75      0.41      0.53        22
           4       0.69      0.60      0.64        15
           5       0.96      0.89      0.92        27
           6       0.48      0.83      0.61        18
           7       0.82      0.47      0.60        19
           8       0.56      0.68      0.61        22
           9       0.32      0.40      0.36        20

    accuracy                           0.66       200
   macro avg       0.69      0.66      0.66       200
weighted avg       0.70      0.66      0.66       200
