--- LSTM SPECIALIST EXPERIMENT (20260906_204239) ---
              precision    recall  f1-score   support

           0       0.87      0.75      0.81        73
           1       0.94      0.99      0.96        69
           2       0.77      0.69      0.73        58
           3       0.68      0.75      0.71        59
           4       0.84      0.77      0.80        53
           5       0.98      0.84      0.91        51
           6       0.84      0.93      0.88        56
           7       0.77      0.75      0.76        57
           8       0.82      0.91      0.86        58
           9       0.61      0.67      0.64        66

    accuracy                           0.81       600
   macro avg       0.81      0.81      0.81       600
weighted avg       0.81      0.81      0.81       600
