--- LSTM SPECIALIST EXPERIMENT (20260906_155958) ---
              precision    recall  f1-score   support

           0       0.68      0.81      0.74        21
           1       0.92      0.92      0.92        12
           2       0.68      0.62      0.65        24
           3       0.67      0.55      0.60        22
           4       0.50      0.73      0.59        15
           5       0.96      0.96      0.96        27
           6       0.67      0.78      0.72        18
           7       0.67      0.53      0.59        19
           8       0.71      0.55      0.62        22
           9       0.38      0.40      0.39        20

    accuracy                           0.68       200
   macro avg       0.68      0.68      0.68       200
weighted avg       0.69      0.68      0.68       200
