--- LSTM SPECIALIST EXPERIMENT (20260907_092221) ---
              precision    recall  f1-score   support

           0       0.82      0.49      0.62        73
           1       0.97      0.96      0.96        69
           2       0.55      0.81      0.65        58
           3       0.58      0.64      0.61        59
           4       0.77      0.83      0.80        53
           5       0.82      0.90      0.86        51
           6       0.73      0.91      0.81        56
           7       0.73      0.67      0.70        57
           8       0.94      0.53      0.68        58
           9       0.47      0.48      0.48        66

    accuracy                           0.71       600
   macro avg       0.74      0.72      0.72       600
weighted avg       0.74      0.71      0.71       600
