--- LSTM SPECIALIST EXPERIMENT (20260906_183055) ---
              precision    recall  f1-score   support

           0       0.83      0.82      0.83        73
           1       0.97      0.99      0.98        69
           2       0.77      0.76      0.77        58
           3       0.72      0.81      0.76        59
           4       0.78      0.85      0.81        53
           5       0.98      0.92      0.95        51
           6       0.84      0.95      0.89        56
           7       0.78      0.67      0.72        57
           8       0.88      0.90      0.89        58
           9       0.72      0.62      0.67        66

    accuracy                           0.83       600
   macro avg       0.83      0.83      0.83       600
weighted avg       0.83      0.83      0.82       600
