              precision    recall  f1-score   support

           0       0.33      0.11      0.16        19
           1       0.68      0.94      0.79        16
           2       0.00      0.00      0.00        23
           3       0.00      0.00      0.00        24
           4       0.11      0.94      0.19        16
           5       0.22      0.09      0.13        22
           6       0.00      0.00      0.00        22
           7       1.00      0.16      0.27        19
           8       0.25      0.28      0.26        18
           9       0.00      0.00      0.00        21

    accuracy                           0.21       200
   macro avg       0.26      0.25      0.18       200
weighted avg       0.24      0.21      0.16       200
