--- RESNET SPECIALIST EXPERIMENT (20260906_152757) ---
              precision    recall  f1-score   support

           0       0.00      0.00      0.00        21
           1       0.00      0.00      0.00        12
           2       0.00      0.00      0.00        24
           3       0.00      0.00      0.00        22
           4       0.00      0.00      0.00        15
           5       0.00      0.00      0.00        27
           6       0.09      1.00      0.17        18
           7       0.00      0.00      0.00        19
           8       0.00      0.00      0.00        22
           9       0.00      0.00      0.00        20

    accuracy                           0.09       200
   macro avg       0.01      0.10      0.02       200
weighted avg       0.01      0.09      0.01       200
