              precision    recall  f1-score   support

           0       0.55      0.64      0.59       194
           1       0.85      0.86      0.86       207
           2       0.43      0.52      0.47       185
           3       0.51      0.62      0.56       185
           4       0.70      0.72      0.71       198
           5       0.63      0.57      0.60       207
           6       0.78      0.80      0.79       207
           7       0.78      0.62      0.69       192
           8       0.63      0.58      0.60       220
           9       0.46      0.36      0.40       202

    accuracy                           0.63      1997
   macro avg       0.63      0.63      0.63      1997
weighted avg       0.64      0.63      0.63      1997
